1 10
100 200
201 210
900 1000
1000 900
10 10
4383 67670
42 31270
437308 453531
49464 67329
29540 34522
42 31270
78954 63625
876 2764
64813 78102
378256 378256
22895 13476
32413 45341
385 125
10485 8912
94174 47116
4109 5013
94145 84124
5719 1234
300 255
255 300
25 100
1324 960
3123 7456
12313 23890
324918 451230
413851 299632
3851 3948
519895 593458
31543 84910
247105 238546
524143 571983
375912 357120
101302 480412
3479 2952
5619 3645
3098 1124
145817 409571
348643 257159
349872 354182
364561 434320
139481 230932
8723 2312
412412 354634
123958 212039
8182 7629
356239 475964
9542 7175
293457 245243
5309 2749
1972 5929
157374 495705
468067 298649
2635 2394
410578 323105
7843 6590
13056 8123
45651 90515
78325 76192
357 623
5013 2756
89126 35871
93265 40913
414091 237596
182350 146579
341723 489650
3675 1263
257083 246576
453729 316591
23509 21839
6103 5782
375102 350986
3427 15023
98740 65920
87392 56105
123756 92015
237856 123756
182305 81267
385601 237840
293175 472856
82710 49825
68210 23750
6304 6182
1987 2613
279056 123870
418023 204781
651927 523013
96567 31846
10429 38472
236580 123257
2875 1023
8120 9340
3877 5601
38725 46561
123675 210897
120579 179057
